data/dw_gk3_50_ag.asc
NCOLS 566
NROWS 362
XLLCORNER 3550736.1481580529
YLLCORNER 6022466.6406219797
CELLSIZE 50.000000
NODATA_VALUE -99999.0000
[rows 232 to 260 of 362, columns 67 to 133 of 566]
17.9263 18.1945 18.2319 18.2107 18.2084 18.6321 19.1471 18.9974 18.7592 18.2804 17.3729 16.6237 16.2811 16.2233 15.9133 14.8483 13.6937 13.7077 13.7808 13.4831 13.2729 13.6706 14.4219 14.9785 15.4956 15.9235 15.6566 15.0136 14.4686 13.8472 13.1519 12.7542 12.6853 12.8458 12.6695 12.1029 11.3437 10.8166 10.7683 10.6973 10.5484 10.3664 9.8079 9.3482 9.1915 9.1584 8.5711 7.5222 6.5731 6.4470 6.8150 7.1264 7.6140 8.0582 8.7256 9.1328 9.5033 10.1392 10.4779 11.2460 12.1597 12.9312 12.7108 11.8771 12.4726 15.1597 19.0788
18.2820 18.0760 18.0345 17.9775 17.7559 17.9897 18.3738 18.2206 17.7670 17.0703 16.1539 15.6031 15.5562 15.6733 15.7234 14.9851 14.2129 13.9798 13.9236 13.6948 13.6070 14.1070 14.7444 15.2287 15.8893 16.4280 16.1951 15.3430 14.4614 13.8896 13.1550 12.5946 12.4321 12.7117 12.6964 11.9712 11.0055 10.4613 10.3862 10.2191 9.8658 9.7225 9.5184 9.5876 9.6401 9.5797 8.9562 7.7344 6.5641 6.1566 6.2582 6.3963 6.7869 7.4162 8.2292 8.9093 9.5978 10.4121 10.7462 11.0816 11.4215 11.9088 11.8394 11.0438 11.0869 13.0451 16.9603
18.5592 18.0822 18.0260 18.0073 17.5355 17.3511 17.3365 17.1195 16.6102 15.7533 14.8323 14.6603 15.0960 15.3298 15.5941 15.2340 14.8075 14.0700 13.8234 13.9764 14.1085 14.5185 14.9350 15.3845 16.1276 16.5263 16.1711 15.1925 14.0875 13.6693 13.1056 12.4960 12.0764 12.3868 12.6235 11.8616 10.8200 10.2933 10.1032 9.9118 9.5288 9.4400 9.4691 9.7928 9.9213 9.8590 9.2385 8.0043 6.6926 5.9269 5.7442 5.8532 6.2448 6.8658 7.7311 8.6112 9.5356 10.5803 10.9567 10.9927 10.8775 11.0152 11.1563 10.6821 10.3831 11.7303 15.3459
18.5212 18.0777 18.0885 18.2729 17.7385 17.1696 16.6895 16.1785 15.6745 14.7826 13.8835 14.1031 14.8812 15.0961 15.3881 15.5269 15.2423 13.9647 13.5234 14.1230 14.5315 14.7826 14.9813 15.3488 15.9725 16.0667 15.4640 14.4962 13.5399 13.2773 13.0320 12.6104 11.8444 11.9275 12.2046 11.5933 10.8078 10.3378 9.9999 9.9105 9.7238 9.6760 9.6656 9.8016 9.8923 9.8063 9.1816 8.1401 6.8463 5.7448 5.2833 5.3934 5.8285 6.3062 7.2730 8.3143 9.4666 10.7859 11.0963 10.9066 10.5368 10.3663 10.6197 10.4817 10.1039 11.1138 14.1358
18.4659 18.1656 18.1719 18.5704 18.1713 17.3828 16.4653 15.5132 14.9655 14.2402 13.5716 13.9925 14.6857 14.8039 15.0778 15.6796 15.3965 13.9072 13.2835 13.9501 14.5410 14.8199 14.8724 14.9396 15.2863 15.2269 14.4462 13.5601 12.9214 12.8124 12.9017 12.6102 11.6602 11.4829 11.5576 11.0746 10.5346 10.0824 9.8159 9.9469 9.9395 9.8736 9.6168 9.3950 9.4998 9.3388 8.6452 7.8611 6.8188 5.6559 4.9598 4.8575 5.1722 5.6390 7.0123 8.4597 10.1233 11.6742 11.5145 10.8364 10.3712 10.1208 10.2759 10.1624 9.9262 10.9691 13.3516
18.6517 18.3887 18.2169 18.6867 18.5429 17.7651 16.5557 15.1916 14.4732 14.0554 13.8859 14.2561 14.4082 14.3862 14.6557 15.4976 15.1786 13.9594 13.2065 13.4397 14.0102 14.5203 14.5270 14.1248 14.1206 14.1527 13.3814 12.5754 12.1835 12.1946 12.5444 12.2595 11.4355 11.1605 10.9122 10.4535 10.0343 9.5862 9.5521 9.8303 9.8250 9.7019 9.1986 8.6761 8.8815 8.7351 7.9990 7.3900 6.6974 5.7344 4.8542 4.3964 4.5917 5.2613 7.1116 9.2797 11.8774 13.7226 13.0937 11.8645 11.1690 10.6254 10.2678 9.8869 9.8602 11.0736 13.0958
18.5558 18.3003 18.0398 18.5282 18.6084 18.0377 16.9281 15.4200 14.3805 14.0366 14.2667 14.5996 14.3185 14.0508 14.1098 14.8083 14.5346 13.7700 13.0074 12.8320 13.2160 13.7387 13.7400 13.1133 12.8121 12.8984 12.2901 11.5099 11.1048 11.1364 11.6361 11.4949 11.1200 10.9923 10.5526 10.0894 9.8128 9.4891 9.4846 9.4933 9.2636 9.1053 8.6246 8.0074 8.3056 8.4650 7.8889 7.2487 6.7373 6.0327 5.0167 4.3043 4.6990 5.7406 7.6799 10.7283 14.5944 16.9334 16.4919 15.1242 13.8358 12.2392 10.7486 9.9448 10.0788 11.3572 13.5361
17.7190 17.5261 17.4545 18.0055 18.1875 17.9109 17.2688 15.9742 14.6252 14.0241 14.3020 14.6783 14.3246 13.7469 13.4149 13.6747 13.5403 13.1775 12.5471 12.2920 12.3571 12.5092 12.5251 12.0383 11.5933 11.6484 11.2836 10.5215 9.8783 9.8707 10.3445 10.4275 10.6158 10.8107 10.3823 9.9178 9.7953 9.6667 9.5312 9.1147 8.6321 8.4022 8.0545 7.5239 7.8284 8.3054 8.0007 7.2594 6.7159 6.2389 5.3410 4.5844 5.2054 6.6538 8.3865 11.8221 16.3829 19.2492 19.8229 19.2186 17.7354 14.8488 11.7473 10.3591 10.7698 12.3868 15.0209
16.2112 16.1058 16.3523 16.9954 17.2063 17.1154 16.7629 15.8289 14.6408 13.9052 13.9518 14.1795 13.7342 12.9840 12.5074 12.4721 12.4390 12.3275 11.9649 11.9128 11.5237 11.0944 11.1813 10.9638 10.5647 10.7309 10.6038 9.9737 9.0959 9.0997 9.2819 9.3420 9.8281 10.3336 10.0532 9.5946 9.5443 9.5263 9.3806 8.9501 8.4826 8.0649 7.6237 7.2350 7.4175 7.8177 7.6976 7.0126 6.3149 5.9880 5.6266 5.0643 5.5527 7.2582 8.7558 11.5864 15.5218 18.7783 21.0560 22.2650 21.6570 18.0281 13.3342 11.3306 12.2596 14.6857 17.6650
14.3100 14.3314 14.9289 15.7039 15.8583 15.7195 15.2709 14.6180 14.0069 13.4426 13.1906 13.1092 12.5004 11.7882 11.4198 11.3069 11.3520 11.5009 11.7976 12.3803 11.6034 10.3383 10.1962 10.2063 10.1005 10.5666 10.7591 10.4338 9.4708 9.4066 9.0233 8.6861 9.0209 9.6005 9.5477 9.1588 9.1084 9.1765 9.0922 8.8106 8.4674 8.0003 7.4711 7.2147 7.1873 7.3564 7.3686 6.8213 5.9211 5.5396 5.6166 5.2829 5.5999 7.2384 8.4215 10.3161 13.2830 16.9303 20.7484 23.6857 24.2551 20.8574 15.7961 13.7858 15.3244 18.2229 20.7804
12.4972 12.7707 13.7804 14.7790 14.6711 14.2066 13.5436 12.9182 12.6173 12.2977 11.9823 11.7820 11.2692 10.7308 10.3058 10.0335 10.2629 11.0091 12.7237 14.6018 13.8372 11.3891 10.2005 10.2891 10.7761 11.6077 12.3235 12.4229 11.5416 11.0746 9.9315 8.9136 8.6267 8.8358 9.0017 8.8007 8.7163 8.9637 8.8645 8.4426 8.0609 7.9292 7.6502 7.4945 7.2464 7.3936 7.5527 7.0343 5.9273 5.2414 5.2001 4.9368 5.3867 6.6231 7.3579 8.6190 11.1582 15.2525 19.8253 23.5299 24.8689 22.6335 18.8726 17.6509 19.6526 22.2507 23.5259
11.2139 11.8015 13.1381 14.2970 13.8652 12.9555 12.1373 11.3925 11.0227 10.8457 10.6059 10.4373 10.2131 9.8752 9.2429 8.7771 9.1772 10.5171 13.5815 16.7141 16.5530 13.7615 11.8055 11.9532 13.0706 14.1122 15.0535 15.1920 14.1045 12.8726 11.2287 9.9520 8.8883 8.2751 8.4557 8.4491 8.3222 8.7493 8.6377 8.0865 7.6734 7.8746 7.8993 7.8176 7.5065 7.8503 8.0305 7.2763 6.0017 5.0411 4.6842 4.4874 5.1611 6.0324 6.4011 7.2231 9.4952 13.7524 18.6152 22.5228 24.3369 23.4283 21.2268 20.7025 22.7165 24.8370 25.0096
10.8016 11.5687 12.8602 13.7922 13.3236 12.1859 11.3381 10.6155 10.1579 9.9423 9.5471 9.2541 9.1781 8.9453 8.2281 7.7798 8.1166 9.4421 12.5983 16.0072 17.1089 16.1785 15.2069 15.5548 16.9517 17.8716 18.1826 17.5020 15.5548 13.4199 12.0383 11.5824 9.9700 8.1530 7.9446 8.0013 7.8539 8.3456 8.3186 7.9440 7.6722 7.8748 7.9827 7.9602 7.8132 8.3853 8.3261 7.1122 5.7934 4.8411 4.3622 4.3507 5.1211 5.8430 6.0256 6.5008 8.3645 12.3394 17.2770 21.2360 23.4174 23.5810 22.3816 22.0000 23.5497 25.3315 25.1117
11.0144 11.8737 12.8709 13.2184 12.8216 11.7009 10.8808 10.2986 9.8232 9.4652 8.8259 8.3145 8.2375 8.0036 7.2201 6.8168 6.9487 7.9595 10.8209 14.3879 17.0639 18.4444 18.5697 18.7163 19.9633 20.6920 20.1061 18.3362 15.7748 13.4543 13.0841 13.9315 12.0178 8.7012 7.5581 7.5592 7.4327 7.8897 8.0023 7.7397 7.5239 7.7078 7.9328 7.9908 7.9807 8.3264 7.7511 6.3193 5.2593 4.6419 4.3727 4.5434 5.2968 5.8276 5.8074 6.1445 7.6281 11.1237 15.8767 19.8721 22.4543 23.5732 23.1353 22.5767 23.4936 24.8556 24.6738
11.2245 12.2532 13.0655 12.7696 12.1373 11.1067 10.2702 9.7608 9.2735 8.8031 8.1840 7.5988 7.5094 7.2215 6.2076 5.6136 5.6007 6.5378 9.9783 14.6939 18.7278 20.6698 20.1037 19.2590 20.0381 20.7450 19.6379 17.2164 15.1422 13.9621 15.0418 16.8815 14.8708 10.1219 7.5727 7.2975 7.1713 7.5216 7.7574 7.3463 6.9821 7.2990 7.7475 7.8789 7.7841 7.3812 6.2213 5.0356 4.5039 4.4010 4.5822 4.8343 5.4724 5.7021 5.4519 5.8656 7.1453 10.1310 14.4198 18.4726 21.5661 23.5210 23.7960 23.0929 23.3764 24.0955 24.0711
11.1273 12.1042 12.8450 12.2770 11.3098 10.3805 9.5473 8.9224 8.3026 7.7125 7.2643 6.8536 6.7858 6.4704 5.3201 4.6056 4.6477 5.7265 10.2268 16.4213 20.9703 22.1529 20.5073 18.8845 19.0913 19.5099 17.8018 15.2099 14.3894 15.0633 17.2582 19.3752 17.6167 12.4958 8.6787 7.4650 7.0737 7.2556 7.4975 7.0582 6.6633 6.9717 7.3035 7.3422 6.9270 5.9184 4.6612 3.9276 3.7892 4.0249 4.5253 4.7527 5.1646 5.1967 4.9433 5.5072 6.8055 9.2828 12.8561 16.9474 20.6330 23.1517 24.0667 23.6600 23.3652 23.2332 23.2281
10.6432 10.9844 11.6092 11.4315 10.4156 9.5821 8.8501 7.9343 7.0192 6.2741 5.9020 5.8825 5.8772 5.6175 4.6745 4.1983 4.5226 5.7822 11.0634 18.1705 22.2426 22.3729 20.6281 19.1191 18.8745 18.6423 16.1399 13.6757 14.1282 16.4234 18.8835 20.5796 19.4436 15.3903 11.0203 8.2132 7.1147 7.0913 7.2143 6.9813 6.7369 6.8060 6.5961 6.3708 5.5797 4.4294 3.6146 3.3081 3.2889 3.6021 4.2058 4.4095 4.5642 4.4991 4.4389 5.1823 6.5875 8.5236 11.2442 15.1103 19.0063 21.6456 23.0647 23.3717 22.8374 22.0697 21.9414
9.9513 9.4792 9.8477 10.1222 9.2514 8.4532 7.8590 6.8841 5.9682 5.2273 4.7388 4.9661 5.0091 4.8478 4.2746 4.1212 4.7068 6.0318 11.2200 18.3219 22.0386 21.8988 20.4946 19.2028 18.8830 18.6332 16.3040 13.9504 14.5871 17.1300 19.0971 20.3355 19.9699 17.6520 13.7394 9.4875 7.2531 7.0137 7.0345 6.9327 6.6818 6.5057 5.7688 5.3032 4.4299 3.4821 3.1113 3.0482 3.0549 3.3684 4.0536 4.3968 4.4092 4.1624 4.2079 5.1595 6.5256 7.8251 9.7329 12.8156 15.9200 18.1001 19.8431 20.9733 20.8552 20.2005 19.9506
9.2047 8.2898 8.2821 8.4692 7.7554 6.9401 6.4132 5.8439 5.5085 5.0360 4.3192 4.4441 4.4464 4.3416 4.0861 4.1022 4.7600 5.9284 9.9878 16.1252 20.1446 20.8780 19.8230 18.4657 18.5507 19.2971 18.4199 16.1736 15.8209 17.1677 18.1777 19.1173 19.3275 18.5640 15.8587 10.9723 7.5030 6.9151 6.8304 6.7213 6.3880 6.1542 5.1288 4.4776 3.7465 3.0772 2.9016 2.9362 3.0404 3.3838 4.0839 4.5999 4.6518 4.2627 4.2771 5.2165 6.4172 7.2476 8.5438 10.5721 12.3101 13.6803 15.4455 17.0728 17.5772 17.3764 17.0168
8.2635 7.5011 7.2739 7.0314 6.5062 5.7837 5.1209 4.9603 5.2934 5.1285 4.4824 4.5284 4.3468 4.1215 4.0182 4.0960 4.7157 5.4559 7.8641 12.4572 16.7033 18.5219 17.9616 16.8619 17.7276 19.8054 20.5274 18.8044 17.5827 17.6081 17.6856 18.0349 18.1345 17.9907 16.4455 12.0787 7.9096 6.6340 6.2647 6.1698 6.1098 6.1275 5.0558 4.1864 3.4611 2.8159 2.5982 2.7536 3.1354 3.5804 4.0747 4.5401 4.8151 4.5978 4.5624 5.0110 6.0322 6.8764 7.8608 9.0213 9.6126 10.1804 11.5715 13.0340 13.7692 13.7467 13.2640
7.1360 7.0105 6.8598 6.1681 5.8187 5.3352 4.4382 4.4056 5.0622 5.0537 4.8809 5.0539 4.6238 4.1220 3.9926 4.0364 4.5363 4.6965 5.5585 8.4841 12.3452 14.7637 14.9030 14.6912 16.6016 19.8318 21.4901 20.4474 18.7686 17.9166 17.4302 16.9556 16.2858 15.8803 15.1247 12.1660 8.2301 6.2765 5.5323 5.4090 5.7356 6.0757 5.2510 4.3290 3.4674 2.6779 2.3646 2.6096 3.2437 3.8053 4.0252 4.3163 4.8796 5.1241 5.1363 5.0520 5.8206 6.7371 7.4995 8.0660 7.9643 7.9729 8.9385 10.0140 10.7386 10.7420 10.2704
6.2834 6.6133 6.5754 5.6899 5.2952 4.9793 4.2678 4.3412 4.8528 4.8301 5.0815 5.3227 4.8371 4.1652 3.9566 3.8105 4.0361 3.7752 3.8542 5.4507 8.1695 10.4386 11.3935 12.5205 15.5840 19.4906 21.0961 20.0814 17.7403 16.3148 15.8162 14.7892 13.1926 12.2892 12.0485 10.7045 8.0256 6.0465 5.0886 4.7406 5.0069 5.3630 5.1125 4.5795 3.6250 2.7878 2.5441 2.7156 3.3025 3.9096 4.0282 4.2444 5.0054 5.8083 6.0043 5.8338 6.2388 6.8141 7.2130 7.4122 7.0779 6.8999 7.6986 8.5959 9.2969 9.3714 9.0714
5.8655 6.1805 6.1074 5.3826 4.8154 4.5302 4.4402 4.6931 4.7122 4.5206 4.8636 4.9965 4.6270 4.0082 3.8162 3.4721 3.3734 2.8796 2.8193 3.5811 4.8989 6.4967 7.9956 10.2127 13.9807 17.9135 18.8721 17.5011 14.7328 13.1020 12.8557 11.6547 9.4908 8.2503 8.2244 8.1039 7.0509 5.6704 4.7180 4.1481 4.0628 4.2972 4.6561 4.6489 3.7404 3.0408 2.9474 2.9228 3.3221 3.9657 4.2169 4.5165 5.2798 6.3824 6.7265 6.6767 6.7862 6.9399 6.9444 6.8812 6.5907 6.4954 7.2351 7.9495 8.5413 8.7092 8.3962
5.4963 5.6793 5.4558 5.0998 4.6791 4.4666 4.8088 5.0960 4.6535 4.1738 4.2339 4.1796 3.7996 3.3900 3.4384 3.1931 2.9763 2.2587 1.9953 2.2939 2.8501 3.8463 5.1348 7.3005 10.6408 13.9325 14.4580 13.2355 11.2273 9.9521 9.7478 8.5874 6.5853 5.3835 5.2107 5.4993 5.5421 4.9694 4.1121 3.5071 3.1678 3.4681 4.1557 4.4033 3.7099 3.3105 3.2809 3.0253 3.3239 4.0531 4.5973 5.1067 5.6908 6.6493 6.9754 6.9508 6.9439 6.9362 6.6806 6.3892 6.2231 6.3382 6.9714 7.3725 7.7742 8.0101 7.3883
5.0780 5.2107 4.8554 4.8576 4.8411 4.7670 5.1153 5.2302 4.5237 3.7076 3.3115 3.1092 2.6479 2.4748 2.7999 2.8302 2.7439 1.9647 1.4091 1.4888 1.9059 2.5550 3.2783 4.6293 6.8759 9.3925 10.0306 9.7016 9.4606 9.1653 9.0099 7.9786 6.5231 5.6747 5.2460 5.2696 5.5567 5.2401 3.9552 2.9060 2.5000 3.0874 3.8636 4.2099 3.8593 3.6567 3.4902 3.0514 3.3172 4.0779 4.7633 5.4617 5.9776 6.7305 6.9773 6.8302 6.7382 6.7136 6.4142 5.9945 5.8948 6.2105 6.6627 6.8559 7.2039 7.3902 6.4954
4.8401 4.9923 4.6897 4.8025 4.9585 4.9513 5.0157 4.8596 4.0730 2.9643 2.3024 2.0976 1.7638 1.7301 2.0494 2.2239 2.4694 2.0961 1.4907 1.4729 1.8682 2.2988 2.7614 3.4251 4.8074 7.0245 8.2869 9.3599 11.1015 12.1448 12.3145 11.4280 10.4226 10.0113 9.4108 8.7595 8.4994 7.4744 4.8594 2.5172 2.1504 3.1515 3.9154 4.3991 4.4314 4.1404 3.6311 3.1044 3.3410 4.0020 4.5304 5.2940 5.9551 6.6984 6.9356 6.6178 6.4109 6.3918 6.1999 5.7446 5.5868 5.9865 6.2356 6.4368 6.8812 6.9214 6.0025
4.8238 5.0415 4.8091 4.7284 4.8165 4.7897 4.4689 4.0185 3.2764 2.1235 1.5144 1.4975 1.5130 1.6451 1.9321 2.4190 3.4817 3.9664 3.4805 3.2044 3.2343 3.1262 3.2943 3.7253 4.9048 7.1903 9.0762 11.1818 13.9422 15.6049 15.9562 15.4349 14.9888 14.8947 14.0005 12.5310 11.7436 10.2273 6.2448 2.5281 2.0491 3.3346 4.1779 4.9156 5.2014 4.6945 3.8947 3.3355 3.4954 3.9468 4.2753 5.0115 5.6962 6.4666 6.8564 6.6061 6.3934 6.3789 6.1932 5.6380 5.3286 5.6295 5.7910 6.1252 6.5463 6.5098 5.8599
4.9029 5.2079 4.7745 4.2757 4.3211 4.2509 3.6202 2.9182 2.2549 1.5013 1.2358 1.5842 2.0589 2.5853 3.2342 4.5667 7.0817 8.6630 8.2975 7.4551 6.5872 5.3871 4.8111 5.4458 7.0896 9.4395 11.4156 13.5100 15.7040 16.7069 16.8812 17.0673 17.4446 17.4893 16.1250 13.9796 13.2114 12.1213 7.4494 2.9528 2.1508 3.4561 4.4892 5.4930 5.7935 5.0799 4.2039 3.6598 3.7015 3.9149 4.1767 4.8171 5.2933 6.0378 6.7306 6.8098 6.7095 6.6556 6.3303 5.6273 5.1241 5.1651 5.3283 5.7703 6.0143 6.0002 5.8190
4.7391 5.0745 4.5108 3.7084 3.7037 3.5548 2.7375 1.8775 1.3133 1.1759 1.3742 2.1026 3.0967 4.3549 5.8078 8.0727 11.7254 14.2292 14.2744 13.2593 11.8457 9.9182 8.7074 9.4315 11.1825 12.9803 14.2467 15.6069 16.7419 17.0487 17.2915 18.0446 18.8377 18.8412 17.1311 14.5975 13.8631 13.0111 8.1753 3.4945 2.4628 3.6911 4.7372 5.6211 5.7077 4.8614 4.0634 3.6475 3.6220 3.7371 4.0777 4.5468 4.8178 5.5461 6.5656 6.9534 6.9283 6.7379 6.3053 5.6200 4.9338 4.6723 4.7706 5.1081 5.1961 5.2349 5.5132
