data/dw_gk3_50_ag.asc
NCOLS 566
NROWS 362
XLLCORNER 3550736.1481580529
YLLCORNER 6022466.6406219797
CELLSIZE 50.000000
NODATA_VALUE -99999.0000
[rows 261 to 289 of 362, columns 0 to 66 of 566]
20.3251 19.7804 19.6497 19.4957 18.8320 18.4358 18.0083 17.8288 18.0030 17.7083 17.6954 19.0048 20.1312 19.7938 18.7518 17.2931 16.3670 15.4885 14.5806 13.8272 13.1484 12.3325 11.4747 10.3943 8.8230 7.2067 4.9067 3.3209 3.6352 5.1474 6.8289 7.6018 7.4675 7.4575 8.3457 10.6470 13.7439 15.4469 15.3071 15.1112 15.2681 15.4050 15.7785 15.9756 16.1485 15.8354 15.4061 15.1697 14.6600 13.7162 12.3945 11.2995 10.6299 9.7894 9.2338 8.7441 7.9522 7.2140 6.2088 5.1035 4.5630 4.1307 3.3993 3.1485 3.4013 3.5557 3.8754
21.2585 20.9637 20.9311 20.8966 20.3213 19.9145 19.4023 18.8659 18.6750 18.2655 17.9346 18.6147 19.5009 19.6775 18.8943 17.3452 15.9238 14.4801 13.3223 12.7020 12.3409 11.7571 11.0651 10.1924 8.5803 6.7209 4.3463 2.8132 3.2569 4.8602 6.6694 7.7158 7.8831 7.7367 8.5762 11.2132 14.2399 15.7274 15.6417 15.3425 15.7189 15.8886 15.9652 16.0384 16.3506 16.1054 15.6652 15.2533 14.2419 12.9546 11.5814 10.1711 9.3652 8.8900 8.3221 7.7102 7.2004 6.8501 5.9106 4.7228 4.1234 3.6335 2.9574 2.7266 2.6724 2.5115 2.9770
22.3285 22.3006 22.4874 22.6372 22.0021 21.3908 20.7673 19.9495 19.2824 18.5929 18.0447 18.1777 18.6469 19.1633 18.8002 17.3050 15.5186 13.6133 12.2633 11.6409 11.3933 10.9382 10.2463 9.4485 7.9367 6.0200 3.8441 2.5271 3.0132 4.6353 6.6139 7.7655 8.1830 8.3413 9.2006 11.7311 14.5826 15.8326 15.8626 15.6877 16.2008 16.3516 16.1110 16.0279 16.2750 15.9872 15.5204 14.8915 13.5890 12.2127 10.7267 9.1655 8.2513 7.9688 7.6088 7.1482 6.6838 6.4070 5.6393 4.5539 3.8223 3.1474 2.3920 2.0191 1.9132 1.8151 2.4117
23.3013 23.4130 23.8292 24.2628 23.6157 22.7208 21.9029 20.9318 19.8392 18.7218 18.0317 17.7871 17.7404 18.2642 18.3668 17.1002 15.1920 12.9633 11.4324 10.6833 10.3519 9.9223 9.1489 8.3374 7.0545 5.3107 3.5267 2.5716 3.0819 4.6936 6.8194 7.9778 8.5404 9.2289 10.2504 12.3750 14.8785 15.9101 16.0768 16.1163 16.6070 16.6204 16.1134 15.9681 16.1553 15.7979 15.2562 14.4126 12.9573 11.6425 10.2289 8.7459 7.5401 7.1662 7.1077 6.8505 6.2520 5.8045 5.2289 4.4339 3.6641 2.8188 2.0048 1.6426 1.8214 1.9398 2.4963
23.9020 24.1407 24.4805 25.0368 24.7510 23.8928 22.8387 21.6099 20.1700 18.7572 17.8644 17.2216 16.8560 17.0175 17.2173 16.3231 14.3842 11.9401 10.3139 9.5898 9.2866 8.8662 8.1323 7.4536 6.3967 4.9728 3.6454 3.0623 3.4768 4.9900 7.0667 8.2867 9.0203 10.0976 11.4317 13.2070 15.0761 15.9900 16.3801 16.5262 16.7891 16.5165 15.8568 15.8392 16.2148 15.9232 15.2246 14.1713 12.5885 11.3482 10.4839 9.2929 7.3797 6.6086 6.7563 6.5045 5.7506 5.0725 4.5810 4.1343 3.4961 2.6262 1.9375 1.9247 2.5896 2.8391 3.1536
24.0102 24.4146 24.3988 24.8182 25.0962 24.6028 23.3742 21.8299 20.1800 18.6498 17.4958 16.4508 15.8874 15.4620 15.4093 14.8595 13.0734 10.7031 9.1394 8.5736 8.3793 7.9674 7.4476 7.0944 6.2167 4.9775 3.9863 3.6763 3.9400 5.3361 7.3981 8.8594 9.8105 10.9750 12.4836 14.0582 15.2342 15.9162 16.4322 16.6589 16.7056 16.2557 15.6312 15.6603 16.0348 15.7320 14.8800 13.7839 12.3248 11.3138 11.2199 10.2661 7.3778 6.0212 6.2440 6.0194 5.2103 4.3621 3.7992 3.4451 2.8596 2.1283 1.8298 2.1938 3.0561 3.4198 3.5700
23.7044 24.2548 23.9780 24.1157 24.5312 24.3206 23.1138 21.4989 19.8787 18.2424 16.8686 15.6234 14.6482 13.6721 13.3623 12.9011 11.6432 9.8872 8.5793 8.0995 7.8506 7.4108 7.2171 7.2577 6.5231 5.0777 4.1594 3.9690 4.1914 5.5758 7.9364 9.8740 11.0507 11.9914 13.2471 14.6825 15.3819 15.5543 15.9390 16.3437 16.3941 16.0687 15.6532 15.3991 15.2019 14.6337 13.7481 12.8776 11.9033 11.3738 11.9205 10.8829 7.0788 5.1744 5.3800 5.3873 4.7320 3.8353 3.0694 2.4810 1.7968 1.3381 1.6068 2.1477 2.7474 3.2169 3.4041
23.2444 23.8934 23.5425 23.4014 23.5149 23.3157 22.2645 20.8264 19.3818 17.6378 16.1208 14.8603 13.4394 12.2082 11.7441 11.2475 10.6325 9.6531 8.6928 8.1586 7.6495 7.1500 7.1212 7.2110 6.5468 5.0059 4.1577 4.0603 4.5603 6.0886 8.6666 11.0189 12.4209 13.0879 13.8651 14.9503 15.2545 15.0555 15.3582 15.9551 16.0810 15.8410 15.4771 14.7606 13.8236 12.9879 12.2693 11.6672 11.0991 11.0529 11.8313 10.2960 6.1733 4.1328 4.3560 4.7066 4.4752 3.6337 2.6386 1.9057 1.3033 1.1663 1.7905 2.2789 2.5546 2.9573 3.1748
22.9869 23.6843 23.3265 23.0273 22.7933 22.3553 21.4120 20.2094 18.8807 17.0901 15.5068 14.2536 12.7293 11.7444 11.2258 10.8302 10.5861 9.9528 9.2306 8.4861 7.5700 7.0097 6.7788 6.3111 5.6219 4.5986 4.0983 4.2223 5.3986 7.2259 9.5626 11.9472 13.5165 14.0648 14.4356 14.8872 14.7525 14.6017 15.0900 15.7725 15.8584 15.3922 14.7155 13.5633 12.1230 11.2274 10.8821 10.4399 9.9263 10.2241 10.8538 8.5435 4.8195 3.1528 3.4495 4.0661 4.3148 3.5672 2.4415 1.8603 1.6319 1.8138 2.4719 2.7709 2.9176 3.1039 3.2177
22.9593 23.6466 23.2860 22.8721 22.4322 21.8052 20.9499 19.9372 18.6479 16.8568 15.2252 13.8880 12.4900 12.1181 11.8353 11.7306 11.5730 10.7609 9.8225 8.6100 7.2559 6.6451 6.2202 5.3378 4.6825 4.2007 4.0843 4.6089 6.4807 8.6591 10.6187 12.6463 14.0858 14.5192 14.7071 14.7969 14.4175 14.3369 14.9803 15.5472 15.3996 14.5222 13.3856 12.0018 10.3920 9.6036 9.7172 9.3969 8.7842 9.4136 9.9899 7.0920 3.8939 2.7169 2.9801 3.5286 3.7753 3.0395 2.0424 1.8034 2.0469 2.5412 3.1725 3.3865 3.6416 3.6879 3.5752
22.9858 23.6102 23.2549 22.6595 22.1937 21.7304 21.0540 20.1502 18.9005 17.1388 15.4213 13.8378 12.5417 12.8438 13.1819 13.5222 13.2881 11.9446 10.2178 8.2436 6.5089 5.8608 5.5531 4.9679 4.5198 4.1179 4.2254 5.2864 7.5660 10.0049 11.7399 13.1969 14.1684 14.4007 14.6173 14.8471 14.5532 14.3847 14.9404 15.1501 14.6165 13.3303 11.8392 10.5141 9.0589 8.4483 8.8889 8.6346 7.9537 8.8949 9.6373 6.5940 3.7262 2.8443 2.9456 3.2140 3.0957 2.3160 1.5941 1.6832 2.2932 2.9716 3.5569 3.8060 4.2662 4.2430 3.9096
22.7422 23.3200 23.1360 22.4480 21.9578 21.7205 21.2834 20.5530 19.4736 17.8801 16.1152 14.1213 12.7720 13.3465 14.1999 14.9933 14.7182 12.9896 10.5911 7.8522 5.7067 5.0214 4.8942 4.7416 4.5276 4.1959 4.6477 6.1724 8.6187 11.0913 12.6681 13.7083 14.2947 14.3753 14.5928 14.9260 14.8564 14.8025 15.1073 14.7551 13.8714 12.3656 10.8218 9.7894 8.6898 8.1950 8.5278 8.1394 7.5183 8.5788 9.4193 6.6523 3.9828 3.0835 3.0359 3.2658 3.1136 2.4043 1.7577 1.8789 2.5451 3.0846 3.4790 3.7288 4.2551 4.0822 3.7075
22.0293 22.6059 22.8426 22.3526 21.7658 21.5294 21.3056 20.8845 20.1379 18.8809 17.1734 14.7488 13.1783 13.3643 14.2809 15.4238 15.2630 13.6069 11.1518 7.9457 5.3300 4.5312 4.4119 4.3764 4.3300 4.3228 5.3318 7.1627 9.6449 11.9464 13.3344 14.1672 14.5872 14.6188 14.7243 14.9214 15.0857 15.4056 15.4345 14.4930 13.4412 11.9777 10.5971 9.8582 9.0970 8.6244 8.5668 7.9198 7.3469 8.2203 8.9853 6.7990 4.4085 3.4148 3.3572 3.7528 3.8547 3.3495 2.6791 2.4749 2.7124 2.9470 3.1641 3.3651 3.7952 3.4864 3.1329
21.3142 21.7152 22.2781 22.3231 21.9985 21.8194 21.6667 21.3569 20.7887 19.7527 18.1403 15.7377 13.9685 13.3836 14.1850 15.5786 15.5607 14.1911 12.0576 8.8218 5.8427 4.6761 4.3211 4.1857 4.3313 4.6161 6.0364 8.1420 10.6727 12.8200 13.9631 14.4244 14.5860 14.5935 14.6120 14.7446 15.1702 15.7693 15.6447 14.4048 13.4510 12.2441 10.9232 10.1299 9.4365 8.9486 8.7304 7.9859 7.1733 7.5187 8.1077 6.6320 4.8540 4.1079 4.2554 4.6888 4.8614 4.5802 4.0763 3.3107 2.5808 2.6458 2.9491 3.1020 3.3455 3.0723 2.6011
20.9564 20.9403 21.5089 22.2881 22.7116 22.8036 22.5681 22.0370 21.3530 20.3109 18.7760 16.9905 15.1978 13.7692 14.4046 15.9311 16.0211 14.9422 13.2382 10.3279 7.1502 5.3639 4.6146 4.3949 4.8349 5.2909 6.8036 9.0990 11.6511 13.6345 14.4768 14.4486 14.2780 14.2626 14.2928 14.5526 15.1953 15.7559 15.5449 14.3767 13.6466 12.7302 11.3905 10.3329 9.4576 8.8552 8.6604 8.0421 6.9766 6.7486 7.1856 6.4117 5.4890 5.2646 5.5802 5.8646 5.9296 5.6326 5.0924 3.7761 2.1902 2.2228 2.7275 2.8518 2.9220 2.7557 2.1290
20.6730 20.4248 20.9460 22.2367 23.1840 23.4334 23.1785 22.5202 21.7563 20.7721 19.3357 18.2369 16.6144 14.5200 14.7276 16.2049 16.4738 15.6562 14.3281 11.7839 8.4538 6.0606 5.0179 5.0494 5.9086 6.5877 7.9664 10.1296 12.4527 14.0038 14.4962 14.2879 14.0328 14.0132 14.1519 14.6613 15.3317 15.4832 15.0695 14.2220 13.5813 12.7482 11.5273 10.4065 9.3030 8.4001 8.0733 7.6939 6.8448 6.3990 6.8021 6.6061 6.5186 6.7955 6.9563 6.9893 6.9861 6.2802 5.0358 3.3432 1.7130 1.8333 2.4804 2.6285 2.6451 2.5593 1.9356
20.2197 20.1195 20.6690 22.0334 22.9790 23.1662 23.0598 22.6460 22.0738 21.2764 19.9401 19.2314 17.8512 15.3286 14.9248 16.3129 16.9157 16.3762 15.2960 12.9675 9.5583 6.8111 5.6065 6.0721 7.2416 8.1463 9.3053 11.0631 12.9238 13.8401 13.9742 13.8135 13.5916 13.5550 13.9350 14.8209 15.4662 15.2280 14.5305 14.0113 13.3403 12.3754 11.2981 10.2848 9.1259 7.9708 7.3337 7.1271 6.7986 6.4172 6.7232 6.9335 7.4403 7.9912 8.0071 7.9222 8.0509 7.0286 4.8276 2.6963 1.4938 2.0771 3.0736 3.4097 3.4958 3.6000 3.3176
19.5835 19.7472 20.1998 21.3289 22.1755 22.3710 22.4838 22.6364 22.5498 21.8060 20.4580 19.7693 18.4800 15.6302 14.8239 16.4326 17.5554 17.3853 16.4196 14.0852 10.8098 8.1164 6.7238 7.2926 8.2864 9.2183 10.2186 11.5545 12.9038 13.2542 13.0864 12.8397 12.4280 12.3456 13.1578 14.5712 15.3836 15.2832 14.3887 13.9564 13.2463 12.0587 10.9441 9.9973 9.0729 7.9802 6.9806 6.7470 6.8769 6.6189 6.6079 7.0350 7.7673 8.2874 8.4703 8.5297 8.9849 8.1048 5.2089 2.4972 1.8192 3.4113 5.1813 5.9646 6.1738 6.5711 6.8786
18.8662 19.2226 19.4475 20.2329 21.0043 21.3082 21.6167 22.3300 22.7469 21.8571 20.4625 19.6511 18.4086 15.5085 14.7024 16.8203 18.5128 18.6593 17.6371 15.1548 12.1268 9.6833 8.0946 8.3683 8.8914 9.6985 10.5573 11.5508 12.3811 12.3313 11.8955 11.4280 10.8823 10.9732 12.3288 14.1962 15.3121 15.6548 14.8249 14.3098 13.5557 12.2574 11.0056 10.0162 9.3138 8.3979 7.2027 6.8726 7.2458 7.0260 6.7575 7.1794 7.8307 8.2584 8.5271 8.5688 9.1435 8.4461 5.2532 2.4226 2.7045 5.6995 8.5251 10.0507 10.3125 10.7495 11.3072
18.2571 18.6578 18.7375 19.2966 19.8089 20.0711 20.4878 21.2860 21.7550 20.6608 19.4088 18.7435 17.8369 15.5547 15.2030 17.8125 19.8534 19.9930 18.6833 16.0701 13.1846 10.7916 9.1158 8.9078 9.1041 9.7887 10.4103 11.1442 11.4482 11.1761 10.5014 9.8190 9.5731 10.2675 12.1259 14.1235 15.5267 16.2105 15.7615 15.1499 14.3208 13.1048 11.7227 10.5963 9.8563 8.9978 7.9334 7.6083 7.9524 7.5484 7.2175 7.4128 7.8473 8.3748 8.4331 8.0659 8.3587 7.6209 4.5691 2.3352 3.9469 8.2919 12.0454 14.3211 14.5247 14.6696 14.9948
17.5896 17.9773 18.0513 18.4866 18.6540 18.7439 19.1872 19.7839 20.0541 18.9306 17.9570 17.6340 17.3549 16.4896 17.1683 19.9280 21.7060 21.3398 19.5208 16.7721 13.7374 11.0482 9.4388 8.9030 8.9538 9.4822 9.8452 10.4161 10.3389 10.0499 9.4139 8.6608 8.8100 10.1382 12.2611 14.2015 15.7923 16.6533 16.5816 15.9085 14.9851 13.7057 12.1210 10.9334 10.1517 9.3462 8.6791 8.5549 8.6400 7.7255 7.0971 6.9395 7.4053 8.3724 8.3441 7.6020 7.5256 6.7916 4.2888 2.7654 5.0669 9.8553 13.7072 16.0034 16.1457 16.0805 16.2636
16.4968 17.0179 17.1640 17.4093 17.4036 17.3968 17.8281 18.4516 18.7893 18.0340 17.2944 17.1955 17.6145 18.7825 21.0525 23.4053 24.0319 22.6112 20.1236 17.1732 13.6328 10.3522 8.9093 8.4558 8.4656 8.7316 8.9115 9.4050 9.2130 9.0872 8.8455 8.2134 8.4918 10.0994 12.1263 13.9389 15.5044 16.3240 16.3552 15.6811 14.7195 13.1803 11.3847 10.3029 9.6698 9.0332 8.8573 9.1039 8.7824 7.1063 5.8455 5.4340 6.3097 7.9554 8.1306 7.3019 6.9434 6.3138 4.5826 3.5221 5.5580 9.7391 12.8205 14.3716 14.4441 14.3731 14.5973
15.3717 16.0911 16.1973 16.0939 16.0072 15.9943 16.4871 17.4335 18.0821 18.0163 17.6081 17.6116 18.4476 21.2202 24.7771 26.5386 25.7839 23.1766 20.0546 16.9231 12.9772 9.2518 7.7937 7.5513 7.6410 7.6127 7.6399 8.0216 7.8687 7.8732 7.7914 7.2075 7.5330 9.2034 10.9476 12.3542 13.4644 13.7866 13.7000 13.1530 12.3782 11.0935 9.5332 8.5672 8.1474 7.7692 7.8802 8.4458 7.6919 5.3384 3.6648 3.5036 4.8490 6.9454 7.3231 6.6015 5.9953 5.3306 4.2600 3.4664 4.9129 8.1495 10.2586 11.0011 10.8424 10.7162 10.7305
14.8427 15.6131 15.3906 14.7702 14.5130 14.5039 15.2301 16.6546 17.6580 18.3881 18.5608 18.6497 19.4127 22.4502 26.1978 27.6298 26.0445 22.5340 18.9378 15.7072 11.8147 8.1658 6.4354 6.2532 6.5021 6.2371 6.1237 6.2386 6.0795 5.9957 5.5060 4.7836 5.2941 6.9717 8.4069 9.0879 9.3660 8.9754 8.8402 8.5555 8.1424 7.7678 6.9550 6.0088 5.6948 5.5826 5.7411 6.4424 5.2927 2.6500 1.1705 1.7604 3.3497 5.3302 5.7622 5.2774 4.5893 3.8719 3.1928 2.4920 3.4389 5.8808 7.1415 7.1813 6.7383 6.6174 6.2491
14.6412 15.2587 14.6916 13.6688 13.1759 13.1512 14.1343 15.9252 17.2608 18.5955 19.2816 19.4524 20.0267 22.4812 25.7331 27.1666 25.3598 21.1219 16.9398 13.5593 9.8952 6.7088 5.0520 4.8850 5.1484 4.7318 4.5952 4.2216 3.7316 3.2728 2.2073 1.4766 2.3452 3.9819 5.0656 5.0042 4.5521 4.2151 4.6118 4.5556 4.2435 4.5982 4.4343 3.3947 2.9221 2.9217 3.1655 3.8203 2.2939 -0.0510 -0.6431 0.7154 2.1138 3.3022 3.6760 3.5456 3.1879 2.7994 2.2375 1.4220 2.0851 4.0645 4.6336 3.8759 3.3576 3.6249 3.0914
14.2905 14.5962 13.9537 12.8732 12.1745 12.1534 13.2784 15.1092 16.6966 18.2755 19.1707 19.4164 19.9938 21.6107 24.0731 25.6414 24.0266 19.2105 14.2794 10.6800 7.2715 4.7746 3.8058 3.6714 3.5689 3.0539 3.0800 2.1777 1.2969 0.6970 -0.5828 -1.2225 -0.0868 1.4983 2.3243 1.8777 1.1645 1.6175 2.8950 2.9715 2.4638 3.0197 3.0953 1.9491 1.1785 1.0298 1.3479 1.8385 0.1764 -1.4898 -1.1179 0.4034 1.3117 1.7293 2.1483 2.4347 2.6483 2.8151 2.2250 1.1780 1.5370 2.9642 2.9801 1.7226 1.4260 2.3303 1.9366
13.6487 13.6840 13.0838 12.0171 11.2614 11.4679 12.6965 14.3039 15.9179 17.5670 18.6184 18.9434 19.5372 20.1666 21.3324 22.5771 21.2109 16.3238 11.0642 7.4539 4.6031 3.0201 2.8270 2.6003 1.5794 0.9382 1.2992 0.3421 0.0229 0.7544 0.1594 -0.8631 -0.1768 1.3910 2.3562 2.2315 1.8950 2.7087 4.1950 4.3700 3.7733 4.2126 4.1704 3.0755 2.1874 1.6223 1.7106 2.0118 0.8045 -0.2952 0.0734 0.5706 1.0188 1.7171 2.5523 3.1889 3.8224 4.2941 3.6829 2.4319 2.1459 2.3949 1.9671 1.0359 1.2251 2.6687 2.6296
12.7488 12.6399 11.9713 10.7567 10.0855 10.7150 12.0442 13.3543 14.7838 16.4688 17.7404 18.1539 18.5944 18.1832 17.6728 17.9152 16.5924 12.3221 7.5793 4.2902 2.1656 1.5511 1.9861 1.7391 -0.0925 -0.6385 0.1642 -0.2439 0.7731 3.5922 4.2160 2.6307 2.3364 3.7308 5.0399 5.6620 5.9686 6.5172 7.4820 7.6756 7.0727 7.1025 6.7408 5.8171 4.9714 4.1445 4.2321 4.6329 4.1917 3.1875 2.4860 1.4354 1.5157 2.9422 4.2031 4.9374 5.7065 6.1769 5.4885 4.0554 3.0527 2.1815 1.5678 1.3495 1.9235 3.4947 3.7774
11.8747 11.4882 10.4166 8.9737 8.2946 8.9740 10.3014 11.5586 12.9462 14.6222 15.9440 16.4490 16.5289 15.2361 13.4086 12.3809 10.8123 7.7091 4.3785 1.6358 -0.2461 -0.2381 0.8845 1.2449 0.1627 0.4786 1.6778 2.0979 3.9022 7.1321 8.3487 7.0736 6.2421 7.0476 8.3901 9.5204 10.0669 10.3071 10.7401 10.8339 10.0587 9.3665 8.7143 7.9733 7.1410 6.7568 7.8860 9.0605 9.1995 7.6698 5.2848 3.2253 2.9988 4.4960 5.6907 6.2015 6.8566 7.1832 6.3114 4.6951 3.2663 2.1506 1.7685 2.0235 2.5203 3.6631 4.0409
