data/dw_gk3_50_ag.asc
NCOLS 566
NROWS 362
XLLCORNER 3550736.1481580529
YLLCORNER 6022466.6406219797
CELLSIZE 50.000000
NODATA_VALUE -99999.0000
[rows 0 to 28 of 362, columns 402 to 468 of 566]
-0.0000 -0.0000 -0.0000 -0.0000 -0.0000 -0.0000 -0.0000 -0.0000 -0.0000 -0.0000 -0.0000 -0.0000 -0.0000 -0.0000 -0.0000 -0.0000 -0.0000 -0.0000 -0.0000 -0.0000 -0.0000 -0.0000 -0.0000 -0.0000 -0.0000 -0.0000 -0.0000 -0.0000 -0.0000 -0.0000 -0.0000 -0.0000 -0.0000 -0.0000 -0.0000 -0.0000 -0.0000 -0.0000 -0.0000 -0.0000 -0.0000 -0.0000 -0.0000 -0.0000 -0.0000 -0.0000 -0.0000 -0.0000 -0.0000 -0.0000 -0.0000 -0.0000 -0.0000 -0.0000 0.0000 0.0000 -0.0000 -0.0000 -0.0000 -0.0000 -0.0000 -0.0000 -0.0000 -0.0000 -0.0000 -0.0000 -0.0000
-0.0000 -0.0000 -0.0000 -0.0000 -0.0000 -0.0000 -0.0000 -0.0000 -0.0000 -0.0000 -0.0000 -0.0000 -0.0000 -0.0000 -0.0000 -0.0000 -0.0000 -0.0000 -0.0000 -0.0000 -0.0000 -0.0000 -0.0000 -0.0000 -0.0000 -0.0000 -0.0000 -0.0000 -0.0000 -0.0000 -0.0000 -0.0000 -0.0000 -0.0000 -0.0000 -0.0000 -0.0000 -0.0000 -0.0000 -0.0000 -0.0000 -0.0000 -0.0000 -0.0000 -0.0000 -0.0000 -0.0000 -0.0000 -0.0000 -0.0000 -0.0000 -0.0000 -0.0000 0.0000 0.0000 0.0000 -0.0000 -0.0000 -0.0000 -0.0000 -0.0000 -0.0000 -0.0000 -0.0000 -0.0000 -0.0000 -0.0000
-0.0000 -0.0000 -0.0000 -0.0000 -0.0000 -0.0000 -0.0000 -0.0000 -0.0000 -0.0000 -0.0000 -0.0000 -0.0000 -0.0000 -0.0000 -0.0000 -0.0000 -0.0000 -0.0000 -0.0000 -0.0000 -0.0000 -0.0000 -0.0000 -0.0000 -0.0000 -0.0000 0.0000 -0.0000 -0.0000 -0.0000 -0.0000 -0.0000 -0.0000 -0.0000 -0.0000 -0.0000 -0.0000 -0.0000 -0.0000 -0.0000 -0.0000 -0.0000 -0.0000 -0.0000 -0.0000 -0.0000 -0.0000 -0.0000 -0.0000 -0.0000 -0.0000 0.0000 0.0000 0.0000 0.0000 -0.0000 -0.0000 -0.0000 -0.0000 -0.0000 -0.0000 -0.0000 -0.0000 -0.0000 -0.0000 -0.0000
-0.0000 -0.0000 -0.0000 -0.0000 -0.0000 -0.0000 -0.0000 -0.0000 -0.0000 -0.0000 -0.0000 -0.0000 -0.0000 -0.0000 -0.0000 -0.0000 -0.0000 -0.0000 -0.0000 -0.0000 -0.0000 -0.0000 -0.0000 -0.0000 -0.0000 -0.0000 -0.0000 0.0000 -0.0000 -0.0000 -0.0000 -0.0000 -0.0000 -0.0000 -0.0000 -0.0000 -0.0000 -0.0000 -0.0000 -0.0000 -0.0000 -0.0000 -0.0000 -0.0000 -0.0000 -0.0000 -0.0000 -0.0000 -0.0000 -0.0000 -0.0000 0.0000 0.0000 -0.0000 0.0000 -0.0000 -0.0000 -0.0000 -0.0000 -0.0000 -0.0000 -0.0000 -0.0000 -0.0000 -0.0000 -0.0000 -0.0000
-0.0000 -0.0000 -0.0000 -0.0000 -0.0000 -0.0000 -0.0000 -0.0000 -0.0000 -0.0000 -0.0000 -0.0000 -0.0000 -0.0000 -0.0000 -0.0000 -0.0000 -0.0000 -0.0000 -0.0000 -0.0000 -0.0000 -0.0000 -0.0000 -0.0000 -0.0000 -0.0000 -0.0000 -0.0000 -0.0000 -0.0000 -0.0000 -0.0000 -0.0000 -0.0000 -0.0000 -0.0000 -0.0000 -0.0000 -0.0000 -0.0000 -0.0000 -0.0000 -0.0000 -0.0000 -0.0000 -0.0000 -0.0000 -0.0000 -0.0000 -0.0000 0.0000 -0.0000 -0.0000 -0.0000 -0.0000 -0.0000 -0.0000 -0.0000 -0.0000 -0.0000 -0.0000 -0.0000 -0.0000 -0.0000 -0.0000 -0.0000
-0.0000 -0.0000 -0.0000 -0.0000 -0.0000 -0.0000 -0.0000 -0.0000 -0.0000 -0.0000 -0.0000 -0.0000 -0.0000 -0.0000 -0.0000 -0.0000 -0.0000 -0.0000 -0.0000 -0.0000 -0.0000 -0.0000 -0.0000 -0.0000 -0.0000 -0.0000 -0.0000 -0.0000 -0.0000 -0.0000 -0.0000 -0.0000 -0.0000 -0.0000 -0.0000 -0.0000 -0.0000 -0.0000 -0.0000 -0.0000 -0.0000 -0.0000 -0.0000 -0.0000 -0.0000 -0.0000 -0.0000 -0.0000 -0.0000 -0.0000 -0.0000 0.0000 -0.0000 -0.0000 -0.0000 -0.0000 -0.0000 -0.0000 -0.0000 -0.0000 -0.0000 -0.0000 -0.0000 -0.0000 -0.0000 -0.0000 -0.0000
-0.0000 -0.0000 -0.0000 -0.0000 -0.0000 -0.0000 -0.0000 -0.0000 -0.0000 -0.0000 -0.0000 -0.0000 -0.0000 -0.0000 -0.0000 -0.0000 -0.0000 -0.0000 -0.0000 -0.0000 -0.0000 -0.0000 -0.0000 -0.0000 -0.0000 -0.0000 -0.0000 -0.0000 -0.0000 -0.0000 -0.0000 -0.0000 -0.0000 -0.0000 -0.0000 -0.0000 -0.0000 -0.0000 -0.0000 -0.0000 -0.0000 -0.0000 -0.0000 -0.0000 -0.0000 -0.0000 -0.0000 -0.0000 -0.0000 -0.0000 -0.0000 -0.0000 -0.0000 -0.0000 -0.0000 -0.0000 -0.0000 -0.0000 -0.0000 -0.0000 -0.0000 -0.0000 -0.0000 -0.0000 -0.0000 -0.0000 -0.0000
-0.0000 -0.0000 -0.0000 -0.0000 -0.0000 -0.0000 -0.0000 -0.0000 -0.0000 -0.0000 -0.0000 -0.0000 -0.0000 -0.0000 -0.0000 -0.0000 -0.0000 -0.0000 -0.0000 -0.0000 -0.0000 -0.0000 -0.0000 -0.0000 -0.0000 -0.0000 -0.0000 -0.0000 -0.0000 -0.0000 -0.0000 -0.0000 -0.0000 -0.0000 -0.0000 -0.0000 -0.0000 -0.0000 -0.0000 -0.0000 -0.0000 -0.0000 -0.0000 -0.0000 -0.0000 -0.0000 -0.0000 -0.0000 -0.0000 -0.0000 -0.0000 -0.0000 -0.0000 -0.0000 -0.0000 -0.0000 -0.0000 -0.0000 -0.0000 -0.0000 -0.0000 -0.0000 -0.0000 -0.0000 -0.0000 -0.0000 -0.0000
-0.0000 -0.0000 -0.0000 -0.0000 -0.0000 -0.0000 -0.0000 -0.0000 -0.0000 -0.0000 -0.0000 -0.0000 -0.0000 -0.0000 -0.0000 -0.0000 -0.0000 -0.0000 -0.0000 -0.0000 -0.0000 -0.0000 -0.0000 -0.0000 -0.0000 -0.0000 -0.0000 -0.0000 -0.0000 -0.0000 0.0000 -0.0000 -0.0000 -0.0000 -0.0000 -0.0000 -0.0000 -0.0000 -0.0000 -0.0000 -0.0000 -0.0000 -0.0000 -0.0000 -0.0000 -0.0000 0.0000 -0.0000 -0.0000 -0.0000 -0.0000 -0.0000 -0.0000 -0.0000 -0.0000 -0.0000 -0.0000 -0.0000 -0.0000 -0.0000 -0.0000 -0.0000 -0.0000 -0.0000 -0.0000 -0.0000 -0.0000
-0.0000 -0.0000 -0.0000 -0.0000 -0.0000 -0.0000 -0.0000 -0.0000 -0.0000 -0.0000 -0.0000 -0.0000 -0.0000 -0.0000 -0.0000 -0.0000 -0.0000 -0.0000 -0.0000 -0.0000 -0.0000 -0.0000 -0.0000 -0.0000 -0.0000 -0.0000 -0.0000 -0.0000 0.0000 0.0000 0.0000 0.0000 -0.0000 -0.0000 -0.0000 -0.0000 0.0000 0.0000 0.0000 0.0000 0.0000 -0.0000 -0.0000 -0.0000 -0.0000 0.0000 0.0000 0.0000 -0.0000 -0.0000 -0.0000 -0.0000 -0.0000 -0.0000 -0.0000 -0.0000 -0.0000 -0.0000 -0.0000 -0.0000 -0.0000 -0.0000 -0.0000 -0.0000 -0.0000 -0.0000 -0.0000
-0.0000 -0.0000 -0.0000 -0.0000 -0.0000 -0.0000 -0.0000 -0.0000 -0.0000 -0.0000 -0.0000 -0.0000 -0.0000 -0.0000 -0.0000 -0.0000 -0.0000 -0.0000 -0.0000 -0.0000 -0.0000 0.0000 0.0000 -0.0000 -0.0000 -0.0000 0.0000 0.0000 0.0000 0.0000 0.0000 0.0000 0.0000 4.2915 4.5122 0.0000 0.0000 5.8756 6.6218 7.3265 7.0565 5.6514 4.8951 5.2821 5.9322 6.6407 6.7606 5.4111 3.7010 0.0000 0.0000 0.0000 0.0000 -0.0000 -0.0000 -0.0000 -0.0000 -0.0000 -0.0000 -0.0000 -0.0000 -0.0000 -0.0000 -0.0000 -0.0000 -0.0000 -0.0000
-0.0000 -0.0000 -0.0000 -0.0000 -0.0000 -0.0000 -0.0000 -0.0000 -0.0000 -0.0000 -0.0000 -0.0000 -0.0000 -0.0000 -0.0000 -0.0000 -0.0000 -0.0000 -0.0000 -0.0000 -0.0000 0.0000 0.0000 0.0000 0.0000 0.0000 0.0000 0.0000 0.0000 12.3648 13.1121 12.8119 12.2284 12.0737 12.4299 12.6773 12.7455 13.1954 14.2448 15.5673 16.0354 15.5135 15.2706 15.7034 15.7578 14.8602 13.3987 11.7915 10.5065 9.7649 9.1147 7.7882 6.3374 0.0000 0.0000 0.0000 -0.0000 -0.0000 -0.0000 -0.0000 -0.0000 -0.0000 -0.0000 -0.0000 -0.0000 -0.0000 -0.0000
-0.0000 -0.0000 -0.0000 -0.0000 -0.0000 -0.0000 -0.0000 -0.0000 -0.0000 -0.0000 -0.0000 -0.0000 -0.0000 -0.0000 -0.0000 -0.0000 -0.0000 0.0000 0.0000 0.0000 0.0000 0.0000 0.0000 0.0000 10.5779 12.4293 15.3551 17.9988 18.9926 19.9086 20.9417 20.9442 20.2990 19.9195 20.3334 20.8181 20.7216 20.6773 21.5916 23.1749 24.2525 24.5186 24.6059 24.8890 24.3402 22.1243 19.4017 17.6260 16.8016 16.2434 15.2701 13.5910 11.6558 9.1151 6.7523 0.0000 0.0000 0.0000 0.0000 0.0000 0.0000 -0.0000 -0.0000 -0.0000 -0.0000 -0.0000 -0.0000
-0.0000 -0.0000 -0.0000 -0.0000 -0.0000 -0.0000 -0.0000 -0.0000 -0.0000 -0.0000 -0.0000 -0.0000 -0.0000 0.0000 0.0000 0.0000 0.0000 0.0000 0.0000 8.0078 9.8595 13.0695 15.7668 17.4921 18.5481 19.9465 22.2915 24.0219 24.4297 25.3225 26.7674 27.1740 26.4743 25.8008 26.0652 26.6801 26.5775 26.1839 26.6935 28.1324 29.4465 30.1061 30.2300 30.1282 28.9874 26.0837 22.9497 21.3630 20.9851 20.5864 19.4262 17.6821 15.8472 13.8690 12.0734 10.1700 7.8576 0.0000 0.0000 0.0000 0.0000 -0.0000 -0.0000 -0.0000 0.0000 0.0000 -0.0000
-0.0000 -0.0000 -0.0000 -0.0000 -0.0000 -0.0000 -0.0000 -0.0000 -0.0000 -0.0000 -0.0000 0.0000 0.0000 0.0000 0.0000 0.0000 9.5584 11.7728 13.5745 14.8636 16.9788 20.1999 23.0789 24.9146 25.3836 26.0273 27.4339 27.9237 27.5844 28.4570 30.3274 31.1304 30.4080 29.4410 29.3701 29.8884 29.8151 29.3776 29.6683 30.8769 32.0863 32.6533 32.4918 31.8150 30.1616 27.2840 24.6416 23.5873 23.5658 23.2425 21.9734 20.3034 18.8248 17.5071 16.3448 14.7072 12.3709 10.2632 8.8393 0.0000 0.0000 0.0000 -0.0000 0.0000 0.0000 0.0000 -0.0000
-0.0000 -0.0000 -0.0000 -0.0000 -0.0000 -0.0000 -0.0000 -0.0000 -0.0000 0.0000 0.0000 0.0000 7.2742 8.9918 11.1070 13.6993 16.3073 18.3960 19.6593 20.7603 22.8958 25.5024 27.6196 29.0413 29.1875 29.2810 29.8276 29.5486 28.9201 29.9033 32.0983 33.1711 32.4365 31.2112 30.6931 30.8676 30.7279 30.5153 30.9777 32.0839 33.0141 33.1861 32.5626 31.2534 29.2350 26.9692 25.5002 25.2078 25.3830 24.9451 23.5262 21.9072 20.7621 19.8892 19.1237 17.8354 15.9623 14.3061 12.7365 10.3922 7.1398 0.0000 0.0000 0.0000 0.0000 0.0000 0.0000
-0.0000 -0.0000 -0.0000 -0.0000 -0.0000 -0.0000 -0.0000 0.0000 0.0000 5.9758 8.9687 11.1984 13.0571 15.0010 17.1217 19.5420 22.0074 23.7982 24.5170 25.1603 26.8594 28.4732 29.5006 30.3749 30.5612 30.5075 30.5601 30.0230 29.4527 30.5641 32.9610 34.2375 33.5263 32.1113 31.1549 30.8163 30.4139 30.4095 31.1690 32.2584 33.0479 33.0722 32.1945 30.4235 28.2504 26.8277 26.7164 27.2078 27.3742 26.5075 24.7477 23.0144 21.9889 21.3223 20.7614 19.7876 18.4727 17.3985 15.9125 13.0669 9.5969 6.6565 0.0000 0.0000 0.0000 0.0000 0.0000
-0.0000 -0.0000 0.0000 0.0000 0.0000 0.0000 2.8411 5.0589 8.1636 11.4777 14.5100 16.5469 18.1428 19.7342 21.3253 23.1884 25.3094 27.0296 27.7476 28.0209 28.8460 29.4146 29.6133 30.1274 30.6141 30.8046 30.8136 30.3612 29.9619 31.0770 33.4991 34.9676 34.3689 32.8109 31.4357 30.5206 29.7164 29.7302 30.6735 31.7939 32.7232 33.0633 32.3148 30.3659 28.2345 27.5725 28.5281 29.5942 29.6562 28.2934 26.1168 24.0804 22.8654 22.1776 21.7181 21.0516 20.2248 19.5411 18.1319 15.1712 11.9798 10.1008 9.1752 8.5088 0.0000 0.0000 0.0000
0.0000 0.0000 3.5083 4.3572 4.9046 5.3359 6.5102 9.1177 12.6345 16.1388 19.0332 20.9230 22.1871 23.1705 24.0291 25.2452 26.9881 28.7215 29.6886 29.8342 29.8668 29.5834 29.2921 29.6756 30.5037 31.0849 31.2897 30.9757 30.6573 31.5632 33.7490 35.4206 35.1272 33.4171 31.5373 30.1276 29.0419 28.9034 29.7945 30.9981 32.3088 33.2815 33.0003 31.1845 29.2396 29.0446 30.4211 31.6642 31.7351 30.2797 27.9121 25.4743 23.7496 22.8299 22.4454 22.1495 21.7035 21.0460 19.4541 16.4463 13.6400 12.7023 12.7097 12.1672 10.5691 0.0000 0.0000
5.8716 6.7194 7.2746 7.7792 8.0122 8.3173 9.4725 12.0458 15.3527 18.6668 21.6882 23.9049 25.1407 25.6480 25.8710 26.5125 27.8905 29.5422 30.6734 30.9103 30.5726 29.8108 29.3388 29.7613 30.8133 31.7198 32.1489 31.8833 31.5132 32.0585 33.7660 35.5244 35.6275 33.8149 31.4817 29.7815 28.6350 28.3285 29.0925 30.4114 32.0744 33.6283 33.9277 32.4766 30.8016 30.7809 32.0440 33.1388 33.2811 32.0881 29.9195 27.2764 24.8902 23.4984 23.0758 23.1076 22.9325 22.0884 20.1774 17.1966 14.8142 14.5036 15.2532 15.3363 13.8914 11.3833 0.0000
9.8132 10.4867 10.7447 10.8061 10.7748 10.9679 11.9250 14.0963 16.8237 19.7197 22.8846 25.6269 27.1656 27.5398 27.2845 27.3293 28.2689 29.6975 30.8094 31.1660 30.8247 30.0687 29.6852 30.1988 31.3338 32.4115 32.9492 32.6977 32.2989 32.5462 33.6810 35.1704 35.4623 33.7437 31.3567 29.6710 28.6344 28.3569 29.2469 30.6835 32.2950 33.9273 34.6062 33.6118 32.2401 32.2187 33.1738 33.9972 34.1272 33.2593 31.6761 29.2920 26.3500 24.2834 23.6145 23.7919 23.7825 22.7749 20.6330 17.8262 15.9140 15.8854 16.9030 17.5380 16.6961 14.7548 11.6805
12.9931 13.4533 13.4528 13.2421 13.2332 13.5321 14.2452 15.7778 17.8078 20.2188 23.3466 26.5155 28.5678 29.1954 28.6734 28.0975 28.5024 29.5892 30.5524 31.0413 31.0061 30.6713 30.5374 31.1248 32.2413 33.2907 33.6901 33.3676 32.9844 33.0544 33.6709 34.6401 34.8868 33.4548 31.4148 30.0012 29.2074 29.1473 30.3043 31.8123 33.0770 34.3062 34.9956 34.3914 33.3476 33.2642 33.8702 34.3703 34.3972 33.7072 32.6554 30.7113 27.5854 25.0161 24.0137 24.1228 24.1806 23.1797 21.0448 18.5388 17.1152 17.2544 18.2757 19.1484 18.8600 17.6952 15.7030
15.5884 15.9980 15.8662 15.5157 15.6606 16.1806 16.7001 17.5771 18.9453 20.9674 23.9504 27.3128 29.8332 30.9178 30.4040 29.3524 29.2155 29.9299 30.7900 31.5888 32.1231 32.3419 32.4132 33.0146 34.0731 34.8711 34.7748 34.1570 33.7216 33.6461 33.8915 34.3998 34.5289 33.4731 31.9534 30.9261 30.4716 30.6941 31.9576 33.4199 34.3284 34.9165 35.1993 34.7683 34.0612 33.9591 34.2646 34.4215 34.2857 33.5314 32.5924 30.9579 28.1549 25.5854 24.3454 24.2386 24.2975 23.5110 21.6433 19.4851 18.4796 18.8137 19.8131 20.6175 20.5437 19.8531 18.8200
17.8451 18.4118 18.2801 17.8736 18.1672 18.9143 19.3588 19.7547 20.5817 22.3028 25.0604 28.3647 31.1578 32.6802 32.4046 31.2748 30.9551 31.5283 32.3874 33.4930 34.5351 35.1475 35.2832 35.8056 36.7435 37.1620 36.4389 35.3861 34.7105 34.3029 34.1629 34.3511 34.4258 33.7798 32.7975 32.1985 32.1134 32.5535 33.6917 34.9297 35.4756 35.3799 35.0413 34.5513 34.1403 34.1733 34.3604 34.2455 33.9060 33.0000 32.0105 30.6565 28.4513 26.2646 25.0247 24.7763 24.8500 24.3104 22.7238 20.7803 19.9462 20.4042 21.4808 22.2415 22.2007 21.6570 21.1210
19.8776 20.5832 20.5004 20.1430 20.5709 21.5088 22.0439 22.2708 22.7070 24.0316 26.4375 29.5348 32.4088 34.1528 34.2130 33.6695 34.0521 35.0711 35.9912 36.9984 38.0204 38.6309 38.7060 39.0620 39.7640 39.8270 38.7217 37.3035 36.1210 34.9890 34.2340 34.2094 34.3802 34.1441 33.6165 33.4415 33.6935 34.2125 35.0559 35.8993 36.0344 35.3714 34.4615 33.7658 33.5638 33.8804 34.1560 33.9127 33.3880 32.4224 31.4935 30.4928 28.9184 27.2892 26.3113 26.0889 26.1626 25.7190 24.2805 22.4210 21.5158 21.9337 23.1158 23.9616 23.9131 23.2846 22.7702
21.6709 22.3857 22.3682 22.1813 22.7525 23.8099 24.5166 24.8204 25.0540 25.9263 27.8583 30.6236 33.4539 35.2928 35.7277 36.1166 37.6382 39.3552 40.3408 41.0069 41.6943 42.1032 42.1229 42.3037 42.6922 42.4591 41.2150 39.5683 37.7699 35.7361 34.3006 34.1237 34.3979 34.4553 34.2605 34.4044 34.9088 35.4892 36.1009 36.5471 36.3010 35.2692 34.0062 33.1553 33.0444 33.4582 33.7330 33.4739 32.9424 32.1480 31.4608 30.8252 29.7831 28.7074 28.1124 27.9477 27.8146 27.1933 25.8475 24.2230 23.2703 23.4510 24.4904 25.3490 25.3171 24.5651 23.8991
23.0709 23.7216 23.8225 23.9220 24.6790 25.7562 26.5296 26.9237 27.1707 27.7546 29.1660 31.4594 34.2083 36.2458 37.0862 38.1604 40.3594 42.4079 43.4283 43.9418 44.5018 44.8881 45.0096 45.0854 45.1411 44.6557 43.3916 41.6709 39.3896 36.6002 34.6392 34.2971 34.5083 34.6487 34.6679 34.9765 35.6275 36.3605 36.9768 37.1976 36.7374 35.6070 34.2545 33.3448 33.1429 33.2749 33.3134 33.1044 32.7836 32.3872 32.0858 31.7681 31.0959 30.4436 30.2003 30.0467 29.5260 28.5383 27.2710 26.0315 25.1346 24.9529 25.5406 26.1806 26.1712 25.4653 24.7790
24.1102 24.6959 24.9794 25.4053 26.3334 27.3403 28.0489 28.4713 28.8613 29.3786 30.4323 32.3289 34.9626 37.1235 38.2384 39.7022 42.1836 44.2989 45.3137 45.7976 46.4479 47.0221 47.2971 47.2315 46.8810 46.1249 44.9176 43.3377 40.9209 37.7089 35.3201 34.6380 34.5949 34.6854 34.8784 35.3201 36.0796 37.0287 37.8250 38.0960 37.8089 36.9469 35.6366 34.5043 33.8941 33.5251 33.3024 33.1816 33.1237 33.1418 33.2202 33.1465 32.6994 32.2875 32.2352 32.0515 31.2236 29.9618 28.7479 27.7576 26.8986 26.3736 26.3441 26.4641 26.4117 26.0933 25.7674
24.9702 25.5546 26.0634 26.7388 27.7127 28.5910 29.1792 29.5985 30.1213 30.7243 31.7743 33.6009 36.0639 38.0007 39.0988 40.8107 43.5287 45.7289 46.6951 47.0747 47.8541 48.7130 49.0462 48.6893 47.8082 46.7168 45.6253 44.4268 42.3538 39.2199 36.4941 35.1840 34.6617 34.6158 34.9725 35.5864 36.4557 37.6339 38.6955 39.2745 39.5395 39.2330 37.9938 36.4137 35.1289 34.2070 33.8087 33.7895 33.9368 34.2354 34.5673 34.6491 34.3285 34.0037 34.0018 33.8044 32.8478 31.4796 30.2806 29.3470 28.4748 27.6949 27.0790 26.6100 26.5308 26.8353 27.1005
