data/dw_gk3_50_ag.asc
NCOLS 566
NROWS 362
XLLCORNER 3550736.1481580529
YLLCORNER 6022466.6406219797
CELLSIZE 50.000000
NODATA_VALUE -99999.0000
[rows 58 to 86 of 362, columns 268 to 334 of 566]
33.9867 34.2663 33.7910 33.8941 34.1495 33.1897 32.3211 32.1716 31.7054 30.8986 30.7194 31.1317 30.4193 27.0095 22.7210 21.0097 23.1503 26.3669 27.7301 26.4613 24.4224 23.4604 23.6175 24.0321 24.4130 24.8619 25.0186 25.1101 25.2697 24.9158 24.0133 22.8125 22.1225 22.2340 22.7594 22.9832 22.6373 22.5581 23.5975 25.5499 28.0441 30.5106 31.7227 31.4830 30.1457 28.3879 26.4247 24.2451 22.1641 20.4964 19.4716 19.0180 18.7350 18.5330 17.9706 17.5586 18.0030 19.0614 20.4846 22.2283 23.8753 24.8097 25.3934 26.2681 27.2523 27.6525 26.9865
34.9013 34.8047 33.9444 34.0609 34.4013 33.6824 33.4006 33.9191 33.4160 31.9771 31.7684 33.1620 33.6864 30.9410 26.2731 24.0032 26.2794 29.9404 31.1881 29.2757 26.5578 25.0968 25.0113 25.4682 25.9726 26.4606 26.5805 26.5610 26.5942 26.1390 25.2713 24.2339 23.3706 22.8687 22.7347 22.6166 22.3210 22.5213 24.1444 27.1705 30.4025 32.7308 33.7863 33.6590 32.3010 30.2183 28.1071 25.9049 23.3904 21.1479 19.8770 19.3395 19.1289 19.2639 19.1547 19.0610 19.6909 20.6708 21.7672 23.1377 24.4757 25.0797 25.2673 25.8512 26.8753 27.7650 27.7863
34.4340 34.9456 34.3196 34.2987 34.3140 33.8937 34.4584 35.5177 34.8971 32.9041 32.3125 34.0794 35.4816 33.6650 29.5563 27.3238 29.3089 32.6562 33.4210 31.1554 28.3564 26.7633 26.4683 26.9018 27.4987 28.0120 28.0636 27.8537 27.6791 27.1244 26.3329 25.5060 24.4725 23.4473 22.9586 22.8465 22.7772 23.2375 25.2139 28.8930 32.5008 34.7590 35.9559 36.2201 35.1753 33.1489 31.1814 29.0500 26.0098 23.0154 21.3382 20.6297 20.4505 20.7786 20.9998 21.2476 22.0399 22.8957 23.6022 24.4549 25.3215 25.6317 25.5662 25.8722 26.8426 28.0987 28.7543
32.4888 33.5466 33.6751 33.8026 33.6992 33.5639 34.4754 35.4623 34.7880 32.8712 32.0963 33.9901 36.2665 35.5638 32.6310 30.7560 32.0540 34.3918 34.4013 32.0849 29.7808 28.5105 28.1044 28.3722 28.9326 29.4266 29.4248 29.0678 28.7080 28.0874 27.4059 26.7930 25.6521 24.2418 23.4802 23.3721 23.5194 24.1980 26.3153 30.2642 34.0527 36.4059 37.9215 38.6472 38.1496 36.6605 35.1757 33.3369 30.1609 26.6606 24.4329 23.3904 23.1691 23.4854 23.6891 24.0109 24.7649 25.4106 25.7779 26.1964 26.6675 26.8197 26.6505 26.7136 27.5532 28.9734 29.9871
29.5923 30.3444 31.3270 31.9826 32.2478 32.3399 32.8384 33.1544 32.6242 31.5666 31.2515 33.4539 36.6755 37.0219 35.3526 33.8007 34.1981 35.2068 34.4564 32.3836 30.9432 30.2613 29.7482 29.6832 30.0880 30.5245 30.5053 30.0817 29.5693 28.9066 28.3893 28.0480 26.9506 25.3209 24.2801 24.0555 24.3490 25.2202 27.3456 31.2567 35.0995 37.6344 39.4697 40.5936 40.6916 39.9628 39.1207 37.7568 34.9788 31.5799 29.0194 27.5903 27.1884 27.2624 27.0493 27.0395 27.5139 27.8896 27.9818 28.1106 28.3664 28.5196 28.3840 28.2915 28.9762 30.4003 31.5113
26.9252 27.1444 28.3183 29.1475 29.6044 29.7629 29.8307 29.7770 29.6668 29.7429 30.6644 33.7156 37.4497 38.2487 37.2453 35.6375 35.2642 35.2998 34.2085 32.6446 32.0724 31.8134 30.9735 30.4502 30.6990 31.0899 31.0977 30.6653 29.9916 29.2812 29.0085 29.0825 28.2631 26.6012 25.2918 24.8717 25.2499 26.2918 28.3619 32.0020 35.7838 38.4504 40.4418 41.8141 42.3747 42.3044 42.0611 41.2777 39.3746 36.8389 34.5125 32.8228 32.0858 31.7460 30.8439 30.1176 30.0522 30.0897 29.9614 29.9716 30.2555 30.5799 30.6071 30.4866 30.9926 32.2496 33.2376
25.1489 25.1235 25.7388 26.1711 26.4548 26.6334 26.7120 26.9104 27.3842 28.3643 30.6935 34.7620 38.4037 39.0282 37.9709 36.0977 35.3524 35.0431 34.0486 33.0027 32.9537 32.7954 31.5749 30.6986 30.8965 31.3262 31.4254 31.0472 30.2886 29.5287 29.4169 29.7977 29.3305 27.8551 26.4520 25.8971 26.2845 27.3232 29.1536 32.3014 35.9118 38.6730 40.7034 42.1645 43.0062 43.4590 43.8121 43.6768 42.7324 41.3144 39.6655 38.0058 36.9427 36.2960 34.9158 33.4197 32.5013 31.9789 31.6560 31.7452 32.3184 32.9822 33.2976 33.2761 33.4674 34.2461 34.9041
24.1070 24.1427 24.3322 24.4399 24.7087 25.2238 25.7129 26.3057 27.1657 28.4474 31.1439 35.3359 38.4781 38.7709 37.3534 35.5749 35.0294 34.9138 34.1717 33.2862 33.1542 32.8367 31.5713 30.7526 31.0590 31.6483 31.9055 31.6513 30.9986 30.2064 29.9693 30.2218 29.9432 28.8678 27.6985 27.1935 27.5037 28.2437 29.5525 32.0161 35.3329 38.1556 40.1807 41.6122 42.5898 43.4566 44.4123 44.9376 44.7603 44.2942 43.5493 42.2780 41.0710 40.4149 39.0978 37.0837 35.0231 33.5968 33.0252 33.3285 34.3577 35.4737 36.2051 36.4577 36.2970 36.3512 36.4679
23.6699 23.8668 24.0862 24.2669 24.7498 25.6882 26.6738 27.6014 28.6413 29.7522 31.7067 34.9649 37.3019 37.3595 35.7831 34.4768 34.5212 34.9374 34.5453 33.6141 33.0853 32.5817 31.6441 31.1934 31.5899 32.2476 32.6324 32.5849 32.2079 31.4483 30.9042 30.7154 30.4247 29.7869 29.0039 28.6121 28.7775 29.1226 29.8689 31.6013 34.4123 37.0684 38.9774 40.3656 41.5053 42.6685 44.0013 45.0620 45.6152 46.0579 46.2440 45.5451 44.4597 44.0169 43.2104 41.0629 37.7318 35.0486 34.0324 34.4909 35.9029 37.4589 38.7497 39.5585 39.3727 38.7978 38.1565
23.7792 23.9070 24.3439 24.9489 25.5715 26.3901 27.5343 28.8345 30.1626 31.1130 31.9774 33.7694 35.0618 35.0413 33.9501 33.2318 33.8917 34.9239 35.0021 34.1705 33.4172 32.9625 32.5838 32.5422 32.7867 33.1884 33.5717 33.8103 33.8008 33.1680 32.3234 31.6328 31.1788 30.8239 30.3491 30.0010 30.0027 30.0854 30.4699 31.5727 33.6644 35.8390 37.4881 38.8552 40.2273 41.5356 42.8677 44.2191 45.5478 46.9821 48.0605 47.9924 47.2617 47.1105 46.9749 45.0194 40.5834 36.5419 34.8783 35.2825 36.8312 38.6561 40.4520 41.9113 42.1458 41.3773 40.0029
24.1124 24.0247 24.6496 25.6401 26.1580 26.3991 27.3700 29.0431 30.7634 31.7186 31.7285 32.1272 32.4419 32.5070 32.2630 32.2375 33.3947 34.8575 35.3596 34.8061 34.1506 34.0062 34.2456 34.5114 34.3947 34.3401 34.6652 35.1769 35.4937 35.0289 34.0335 33.0098 32.3590 32.0488 31.6830 31.3329 31.2757 31.3440 31.6170 32.2803 33.6639 35.2753 36.6191 37.8700 39.2948 40.5058 41.5103 42.8596 44.8755 47.3661 49.4121 50.0418 49.7277 49.7589 50.0130 48.3163 43.3496 38.3701 36.0022 36.0472 37.3916 39.1488 41.0263 42.8021 43.7626 43.4948 41.8257
24.1970 24.0770 24.7178 25.5512 25.6597 25.3487 26.0697 27.9916 30.0117 31.0581 30.8091 30.4240 30.1774 30.4876 30.9750 31.7332 33.2076 34.7096 35.4052 35.2266 34.9810 35.3189 36.0492 36.4378 35.9105 35.4520 35.7772 36.4800 36.9924 36.6885 35.7475 34.6639 33.8832 33.4217 32.9698 32.6140 32.6363 32.9039 33.2527 33.6892 34.5578 35.7185 36.8007 37.8280 39.0419 39.9287 40.4228 41.4933 43.8771 47.2217 50.1917 51.5554 51.6952 51.8460 52.1863 50.7781 45.9953 40.6983 37.6372 37.0177 37.8883 39.3236 40.8873 42.5259 44.0862 44.6180 43.1493
24.0320 23.9561 24.3354 24.6115 24.2931 23.8047 24.3978 26.3329 28.3147 29.2179 29.0837 28.6063 28.2793 28.9766 30.1074 31.4187 32.8974 34.1318 34.8093 35.0129 35.3046 36.0443 36.9193 37.2313 36.5686 36.1053 36.5885 37.4316 38.0565 37.9168 37.1282 36.1058 35.2903 34.7242 34.2075 33.8782 33.9828 34.4159 34.8443 35.2240 35.8648 36.7845 37.7175 38.5722 39.4971 40.0034 40.0302 40.6346 42.7878 46.3137 49.8266 51.8895 52.6400 53.0812 53.5259 52.5823 48.5904 43.5058 39.7836 38.2894 38.6005 39.6889 40.8063 41.9591 43.4999 44.4507 43.4981
23.8221 23.6441 23.4841 23.1782 22.7302 22.5617 23.2462 24.9217 26.3963 26.7028 26.6903 26.6344 26.6373 27.8205 29.5687 30.9544 32.0739 32.9092 33.4539 33.9677 34.7252 35.6282 36.2823 36.3892 35.9979 36.0278 36.8246 37.7769 38.4708 38.4956 37.8871 36.9749 36.2406 35.7539 35.3108 35.0245 35.1220 35.5870 36.0705 36.5538 37.2272 38.0965 38.9745 39.7191 40.3412 40.5055 40.2307 40.3277 41.7593 44.8227 48.4902 51.1850 52.5688 53.3034 53.8479 53.4259 50.4649 45.9352 41.8395 39.6258 39.4836 40.3326 41.0787 41.6757 42.7682 43.7293 43.3297
23.5605 23.4231 22.9338 22.2713 21.7852 21.9045 22.7361 24.1493 25.0341 24.7069 24.6232 24.9341 25.4036 27.0607 29.1348 30.2133 30.8525 31.3556 31.7848 32.4543 33.4205 34.3214 34.7481 34.7141 34.6880 35.2857 36.3492 37.3495 38.0611 38.2094 37.8143 37.1465 36.6367 36.3730 36.0934 35.7887 35.7723 36.2280 36.8896 37.6603 38.4799 39.3551 40.1747 40.7526 41.0115 40.9023 40.5293 40.2522 40.8606 43.2016 46.8376 50.0696 51.8331 52.5012 52.9488 52.8914 50.7833 46.9313 43.0317 40.6679 40.3487 41.1246 41.7052 41.9397 42.5410 43.3171 43.2711
23.2534 23.5115 23.2738 22.6175 21.9950 21.9664 22.7958 24.0827 24.5574 23.8905 23.5458 23.8527 24.7142 26.7333 28.6869 29.2734 29.5369 29.8832 30.2666 30.8918 31.7393 32.5293 32.8874 32.8305 33.0317 34.0067 35.2161 36.2165 36.8951 37.1048 36.9383 36.6322 36.4414 36.4486 36.3642 36.0146 35.8744 36.3960 37.3970 38.5652 39.5265 40.3826 41.0984 41.4548 41.3448 41.0271 40.6850 40.2263 40.1798 41.7774 45.1950 48.7385 50.6138 50.9816 51.2641 51.4958 50.0534 46.8277 43.4094 41.3121 41.0433 41.8139 42.3188 42.3075 42.4745 43.0457 43.2292
23.2086 23.7346 23.9281 23.5524 22.9547 22.7498 23.3705 24.3026 24.2868 23.4022 22.9696 23.3315 24.5578 26.7678 28.3151 28.5214 28.6179 28.9305 29.2526 29.6381 30.1529 30.7400 31.0422 30.9289 31.1653 32.3387 33.6770 34.6951 35.2967 35.5044 35.5336 35.5810 35.6818 35.8834 35.9650 35.6618 35.5521 36.3149 37.7476 39.2701 40.2776 41.0507 41.6128 41.7608 41.3808 40.9027 40.5923 40.1213 39.7518 40.7416 43.7004 47.1838 48.9922 49.1288 49.3859 49.9430 49.0587 46.2875 43.2478 41.5162 41.4133 42.1427 42.5373 42.3079 42.1607 42.6458 43.0472
23.6745 24.0146 24.4063 24.4158 24.1592 24.0752 24.3508 24.5374 23.8732 22.8060 22.5720 23.1763 24.6143 26.6746 27.7386 27.9450 28.1558 28.4810 28.6658 28.7037 28.8527 29.2199 29.4371 29.2253 29.3515 30.5310 31.9622 33.0264 33.5493 33.7389 33.9538 34.3107 34.6332 34.9264 35.1078 34.9305 34.9696 36.0002 37.7502 39.4402 40.3760 41.0166 41.4139 41.4099 40.9179 40.3613 40.0524 39.6678 39.2741 39.8984 42.3010 45.3752 47.0044 47.1577 47.5370 48.2974 47.7759 45.3438 42.5643 41.1443 41.2464 41.9222 42.2095 41.9115 41.7149 42.2667 42.8489
24.6040 24.5679 24.8044 25.0491 25.2638 25.5127 25.4993 24.8626 23.6897 22.6147 22.5305 23.1085 24.2069 25.4911 26.2216 27.0222 27.6774 27.9993 27.9704 27.7373 27.7261 27.9951 28.1793 27.9566 27.9535 28.9174 30.2868 31.3824 31.8812 32.1107 32.5578 33.1976 33.6782 33.9948 34.1978 34.1432 34.3182 35.4090 37.1387 38.7032 39.4664 39.9626 40.2331 40.1579 39.7265 39.2145 38.8985 38.6312 38.4057 38.9485 40.8730 43.3050 44.6787 45.1072 45.6796 46.3855 45.9823 43.8909 41.3952 40.2331 40.5548 41.2179 41.4490 41.2826 41.3224 42.0457 42.7298
25.6920 25.3785 25.2762 25.5157 26.1519 26.8134 26.7468 25.6391 24.2319 23.0846 22.7964 22.9517 23.2549 23.3526 23.7659 25.3901 26.6402 26.9331 26.7107 26.4217 26.5481 26.9421 27.2290 27.1223 27.0918 27.7739 28.9194 29.9394 30.4263 30.7457 31.4124 32.2611 32.8597 33.2162 33.4442 33.5007 33.7674 34.7409 36.1670 37.3512 37.8448 38.1645 38.3149 38.1919 37.8760 37.4967 37.2214 37.0697 37.0658 37.6888 39.2694 41.0565 42.0735 42.6672 43.3163 43.8077 43.4387 41.8515 39.9433 39.2267 39.8462 40.5787 40.8037 40.8135 41.1401 41.9785 42.6604
26.3285 26.0630 25.9125 26.0694 26.9500 27.9768 28.2071 27.4260 25.9875 24.1064 23.0614 22.6255 22.2073 21.3505 21.1028 22.9771 24.5986 24.8548 24.6115 24.5658 25.0913 25.8767 26.4662 26.5737 26.6926 27.2482 28.0814 28.8453 29.2598 29.6734 30.4568 31.3810 32.0788 32.5641 32.9135 33.0954 33.4183 34.1965 35.1647 35.8075 35.9646 36.0649 36.0644 35.8701 35.6288 35.4243 35.2822 35.2356 35.4006 36.1213 37.4597 38.7518 39.3641 39.8304 40.3589 40.6155 40.3275 39.4096 38.4050 38.3606 39.3255 40.1720 40.4043 40.5102 41.0169 41.8686 42.5143
26.2271 26.2872 26.4450 26.5778 27.5603 28.9093 29.6035 29.4933 28.0113 25.1824 23.3369 22.2815 21.3343 20.0221 19.2081 20.7705 22.2910 22.4300 22.3154 22.6599 23.6201 24.8746 25.8407 26.1390 26.4221 26.9633 27.5319 28.0363 28.3802 28.8549 29.6505 30.5414 31.2779 31.8922 32.4207 32.7744 33.1567 33.6920 34.1268 34.2139 34.1251 34.0683 33.9186 33.6859 33.5409 33.5468 33.6136 33.6755 33.9316 34.6476 35.6890 36.5680 36.9136 37.2346 37.5887 37.7040 37.5359 37.1717 36.9567 37.4926 38.6844 39.5741 39.7727 39.8646 40.4405 41.3200 42.0724
25.4953 25.8553 26.3638 26.5901 27.6963 29.4112 30.3988 30.3100 28.4923 25.5862 23.8033 22.2240 20.8269 19.5296 18.9448 20.0775 20.9089 20.7280 20.7534 21.3778 22.5411 24.0880 25.3225 25.6814 25.9582 26.4768 26.9470 27.3934 27.7580 28.2356 28.9498 29.7342 30.4218 31.0930 31.8062 32.3832 32.8530 33.1355 33.0602 32.7272 32.5875 32.4929 32.2123 31.9728 31.9575 32.1900 32.5094 32.6959 32.9726 33.5466 34.1956 34.7194 35.0158 35.3136 35.4884 35.4994 35.3998 35.3347 35.5875 36.4481 37.7010 38.5538 38.6904 38.7195 39.3030 40.2575 41.2464
24.5662 25.1289 25.8801 26.2013 27.3053 29.1984 30.2276 29.7252 27.5762 25.3467 24.3185 22.6670 21.0860 20.0121 19.9335 20.5568 20.4541 19.8382 19.8582 20.5711 21.7652 23.4195 24.8072 25.2171 25.4098 25.8795 26.3716 26.9046 27.3605 27.7776 28.2918 28.8815 29.4910 30.2445 31.1558 31.9320 32.4715 32.5689 32.1713 31.6784 31.6090 31.4986 31.0664 30.7280 30.7580 31.1958 31.7912 32.1444 32.4258 32.8192 33.1382 33.4511 33.8445 34.1503 34.0648 33.7947 33.5693 33.6113 34.0999 35.0716 36.2972 37.1173 37.2182 37.2451 37.8453 38.8719 40.0578
23.9743 24.7088 25.5598 25.7977 26.5115 28.0605 28.8919 28.2228 26.2431 24.8167 24.5669 23.5632 22.3121 21.4427 21.3944 21.3306 20.4905 19.5177 19.3198 19.9294 21.0961 22.7342 24.2009 24.7793 24.9468 25.3411 25.8817 26.5394 27.1123 27.4369 27.6637 27.9887 28.5452 29.4696 30.5883 31.4803 32.0228 32.0193 31.5308 31.1250 31.1531 30.9931 30.3912 29.8483 29.8245 30.4263 31.2660 31.8118 32.1424 32.4175 32.5362 32.7543 33.2553 33.5644 33.2287 32.5643 32.0726 32.1093 32.6693 33.6015 34.7468 35.5031 35.5368 35.5831 36.2033 37.2512 38.4747
23.4976 24.3551 25.2158 25.3469 25.5662 26.4342 26.7825 26.0267 24.5461 23.8600 24.0918 23.9491 23.3991 22.9752 22.7584 21.9486 20.6456 19.5557 19.1409 19.5140 20.5094 22.0146 23.5191 24.3534 24.6103 24.8860 25.4024 26.1554 26.8425 27.1440 27.1598 27.2572 27.8026 28.9191 30.2012 31.1194 31.5719 31.4694 30.9721 30.6927 30.7631 30.5670 29.8552 29.1453 29.1010 29.8276 30.7843 31.4805 31.9556 32.2642 32.2840 32.3921 32.8465 33.1807 32.8234 31.9276 31.2255 31.2098 31.6942 32.4816 33.4826 34.0353 33.8630 33.8317 34.4268 35.4132 36.4618
22.6613 23.5634 24.4272 24.6333 24.6180 24.8155 24.4505 23.3990 22.4173 22.3710 22.7515 23.1562 23.3601 23.7432 23.5605 22.1733 20.6774 19.7389 19.2550 19.3489 20.0238 21.3206 22.8395 23.9317 24.3765 24.5276 24.9618 25.7852 26.5557 26.9008 26.8522 26.8323 27.3957 28.6429 29.9983 30.8648 31.1421 30.8827 30.3637 30.1582 30.2157 30.0364 29.3488 28.6039 28.5867 29.3570 30.2740 31.0215 31.6943 32.1941 32.2407 32.2228 32.5036 32.8797 32.7103 31.8413 31.0502 30.9006 31.1319 31.6229 32.3468 32.5836 32.1508 31.9311 32.4320 33.3152 34.1283
21.4375 22.3404 23.2069 23.4780 23.2829 23.0017 22.1832 20.9740 20.4311 20.8848 21.4764 22.1617 22.6647 23.5307 23.5169 22.0317 20.6315 19.8591 19.3055 19.1902 19.6616 20.8236 22.3185 23.5383 24.1495 24.2917 24.7854 25.7550 26.5394 26.8263 26.7621 26.7451 27.3133 28.5545 29.8700 30.6334 30.6960 30.2050 29.6321 29.4821 29.5439 29.4506 28.9653 28.3523 28.3233 28.9839 29.7306 30.3932 31.2128 31.9972 32.2383 32.1567 32.2726 32.6925 32.7738 32.1509 31.3765 30.9521 30.7334 30.7279 30.9896 30.8895 30.2844 29.8129 30.1480 30.9357 31.6287
19.9740 20.8731 21.6980 21.8077 21.2768 20.8046 20.1570 19.2592 19.0719 19.7767 20.7980 21.6316 21.7645 22.4002 22.5519 21.5245 20.5002 19.7913 19.1126 18.9054 19.4017 20.5801 22.0297 23.2439 23.9711 24.2715 24.9698 26.0575 26.7060 26.8085 26.7715 26.8841 27.4597 28.5659 29.7053 30.2897 30.1280 29.4128 28.7873 28.6551 28.7369 28.7943 28.6403 28.2944 28.2716 28.7569 29.2526 29.7019 30.5495 31.5859 32.0946 32.0452 32.0710 32.5638 32.9107 32.5830 31.8203 31.0496 30.3021 29.6925 29.4274 29.0488 28.3469 27.6378 27.7623 28.4418 29.1327
